CONFIG COM3 230400
MODE ROVER SURVEY
unmask GPS
unmask bds
unmask GLO
unmask GAL
unmask QZSS
UNLOG
CONFIG SMOOTH RTKHEIGHT 2
CONFIG SMOOTH HEADING 2
CONFIG SMOOTH PSRVEL ENABLE
CONFIG RTK TIMEOUT 300
CONFIG RTK RELIABILITY 4 2
CONFIG HEADING FIXLENGTH
CONFIG HEADING LENGTH 43 1
CONFIG HEADING RELIABILITY 3
PVTSLNA COM3 0.05
SAVECONFIG


Sample messages:
#PVTSLNA,79,GPS,FINE,2377,93246900,0,0,18,8;SINGLE,188.1621,34.60324214605,-86.74943363150,7.5696,4.3304,3.4834,0.000,SINGLE,188.1621,34.60324214605,-86.74943363150,-28.5587,19,17,19,17,-0.0933,-0.0469,-0.1506,NONE,0.0000,0.0000,0.0000,0,0,0,0,2.8451,1.6314,0.8332,2.4753,2.3309,5.0,17,3,4,9,16,26,31,47,49,51,76,77,82,104,179,182,196,205*d127bb24
#PVTSLNA,79,GPS,FINE,2377,93246950,0,0,18,8;SINGLE,188.1560,34.60324231724,-86.74943381326,7.4246,4.2106,3.5052,0.000,SINGLE,188.1560,34.60324231724,-86.74943381326,-28.5587,19,16,19,16,-0.0893,-0.0504,-0.1533,NONE,0.0000,0.0000,0.0000,0,0,0,0,2.8745,1.6612,0.8580,2.4978,2.3458,5.0,16,3,4,9,16,31,47,49,51,76,77,82,104,179,182,196,205*3d95de32
#PVTSLNA,79,GPS,FINE,2377,93247000,0,0,18,16;SINGLE,188.1447,34.60324236426,-86.74943393850,7.4653,4.2280,3.5255,0.000,SINGLE,188.1447,34.60324236426,-86.74943393850,-28.5587,19,16,19,16,-0.0848,-0.0517,-0.1540,NONE,0.0000,0.0000,0.0000,0,0,0,0,2.8745,1.6612,0.8580,2.4978,2.3458,5.0,16,3,4,9,16,31,47,49,51,76,77,82,104,179,182,196,205*beb1a7df
